150401 138137701
150402 39443960
50011814 19436345
50256001 1257560
50010511 1223679
50008055 573366
50050348 546015
50023753 542029
50024765 525907
50000563 525068
50010696 502862
50003853 478518
50024702 458728
50024759 417163
50024757 413063
50003313 402773
50024701 394498
50023752 324671
50024703 315187
50013003 285628
50024704 285072
50008146 283620
50024718 280588
50024709 271464
50023751 270564
121396048 260040
50024707 250547
50024719 250078
50010686 241917
50008144 240957
50024745 229739
50024763 191275
50024724 186719
50008607 186113
50024711 177195
50024735 172270
50023744 161195
50001283 156979
50025157 149717
50024713 148732
50024764 147722
50024706 144030
122294001 140943
50023733 140294
50003317 134818
50024740 127724
50024732 117278
50024731 116008
50024756 115976
50024728 114403
50024720 111522
122256002 111498
50023742 108973
122304001 107829
122292001 105004
122436001 99645
50024755 94319
50018607 88786
50024752 87344
50024708 84758
50024733 81817
50023737 80700
50024712 78833
50016793 78740
50024716 76558
50001284 76472
50024714 74655
50828003 73491
50024743 69568
50050705 69285
50003316 68481
50024746 63558
50024715 59640
50632001 57008
50024760 56557
50023754 54067
350706 49275
50023740 49100
50023746 48947
123902002 48318
50024738 47615
123054003 46648
122296001 45267
50024154 45044
50010645 44709
50590006 42376
50590013 41268
50023739 38505
50806003 38312
50008147 37937
50024727 35513
150404 35274
150403 34935
50024122 34070
122288001 33477
50025697 32807
50024748 32115
50012051 31904
123894007 30678
50258004 30046
50025116 30040
50009221 29528
122012002 28997
50025155 28953
50522003 28655
50023869 28224
50506002 27633
50024751 27488
121406003 26256
50024725 25553
50023757 25479
50024749 25305
50010526 24629
50018610 24105
50023741 23870
50024741 23464
50005109 23287
122300001 22905
50024155 22462
50276003 22405
50026903 22165
50008608 20527
50023758 20238
50024736 19274
216506 18349
50586005 18176
122310001 18164
50005775 17394
50024742 17241
122240009 16547
50516005 16478
50024744 16476
50018605 16303
50008229 15262
50808005 15247
50524001 14644
50012197 14637
50016085 14379
50022803 14130
50816008 14088
122302001 13841
50006988 13242
50023756 13204
50016086 12632
50024753 12537
50014919 12216
121426036 12142
111008 11973
50018623 11750
122630003 11315
50025117 10831
50006941 10773
50510004 10336
122370003 10262
50025867 10173
50023367 10077
122670002 10044
50024737 9642
50024156 9405
50023778 9280
50024601 9233
50008148 8961
50023371 8885
50024761 8584
122272003 8143
50024532 8070
50024730 7837
121210002 7801
121620001 7446
50025115 7015
50025869 6896
50514004 6730
50050539 6656
50021575 6374
230302 6361
50024726 6360
50018432 6257
121368024 6156
123544003 6150
50023373 6004
121460002 5939
121416003 5793
123904002 5662
50828004 5357
50024722 5273
122290002 5243
50024750 5138
50023766 5046
121548003 4833
50010363 4643
50014977 4609
50013624 4561
50496003 4518
50520002 4260
50008145 4115
50816007 4062
122562003 4032
50011664 3565
50023765 3490
50018604 3320
50018599 3264
50258005 3203
50018612 3194
50003314 3092
50812008 2944
50023372 2910
230303 2693
123890003 2671
50024467 2528
50023735 2491
50019775 2455
121478035 2360
123502002 2337
50842003 2297
50522002 2201
121618001 2144
50011266 2010
50014111 1889
50010793 1853
123544002 1715
122298001 1686
50024721 1675
50296001 1649
50025873 1584
120882006 1582
50828005 1427
50600011 1427
50025442 1336
50003114 1228
50610011 1174
50050659 1166
50076004 1134
50498002 991
120888004 975
50013001 921
50018606 824
50024501 724
120832009 711
50008154 689
50012830 655
2203 622
50023755 619
50013014 614
50025872 604
50023928 604
50007096 604
121366042 571
50020103 545
50019243 537
50020105 516
50024533 509
50019512 498
123898003 494
50013601 471
50019108 470
50016080 462
50024531 459
50008404 422
50012352 393
50024504 390
50008934 360
121392025 351
50024534 348
50013602 345
50018969 339
50017825 334
122514002 325
50026947 316
50124007 315
50007177 298
121048002 296
50024602 291
50598003 280
50026339 277
120864006 260
50270001 259
50024817 242
50018600 232
50025866 216
50024510 211
50025389 202
50024538 199
50018615 183
50024515 181
50026203 179
50017805 179
50024537 177
50136001 177
122352002 174
50019440 173
50023734 171
50017923 170
50025390 169
50026328 166
50266001 163
50024513 160
50015062 158
50018609 154
50021840 154
50017845 153
50024516 146
50266002 137
50068008 137
50024823 136
50024502 136
50024539 135
50025392 135
50268002 134
50019368 123
50019165 120
50024822 117
50017768 114
50021574 110
50013626 107
50013603 104
50008408 100
50600009 98
50017842 94
50010364 90
50021572 89
50017990 85
50592008 82
50019436 82
50582005 81
50024466 81
50021570 81
50013604 80
50024536 80
50586011 73
50018730 70
50024528 70
50022938 66
50008727 65
50008732 64
50606001 64
50025456 61
50025388 60
121456016 59
50024456 58
50024499 58
50025851 57
50008729 56
50017993 56
50007802 55
50025425 55
50017999 53
50024512 52
50024529 51
50268001 48
50024522 44
50026185 44
50017196 43
50025835 42
50020825 41
50017180 41
50017996 41
121008001 41
50017858 39
50018000 39
50024500 38
123850003 38
50008731 37
50017088 37
50024503 36
50830005 35
50008151 34
50017181 34
50012679 34
50017770 33
50022904 33
50017769 33
50024509 33
50018601 32
50017194 31
50003013 30
50017857 29
50025422 27
50019502 27
122818002 26
50017980 26
50017156 25
50874001 25
50024224 24
50021299 24
50024514 23
50024019 23
50017199 22
50086004 22
50024511 21
50017933 21
50017090 20
50024524 20
50025949 19
50126002 19
50023368 19
50023894 19
50017806 18
50017835 17
50023931 17
50017172 16
50024517 16
124486007 16
50017977 16
50018156 14
50017822 14
50024189 13
50023893 13
50017830 13
50017979 13
50017832 12
50007801 12
50017773 12
50022908 12
50023160 12
50017989 12
124478012 11
50007184 10
50015484 10
50276001 10
50024523 10
50024519 10
50017998 10
50017580 9
124456022 9
50017766 9
50025424 9
50024484 9
50026086 9
50019785 9
50050504 9
50024491 9
50018617 8
50592007 8
50005923 8
50022897 8
50024485 8
50017994 8
50050238 8
50024530 8
50008726 8
50023805 7
50018002 7
124498007 7
50017964 7
50022936 7
50272001 7
50005481 6
50022924 6
50017827 6
50017163 6
50025423 6
50017824 6
50050570 6
50017992 5
50018679 5
50024526 5
50026542 5
50024185 5
50024521 5
50017834 5
124508009 4
50660001 4
50007800 4
122788003 4
50600006 4
50017158 4
50023587 4
50019281 4
50021739 4
50014834 4
122756004 3
50024542 3
50428002 3
50017772 3
122812001 3
50017856 3
50023784 3
50017991 3
50013537 3
50017804 3
50008728 3
50023932 3
50022920 3
121422021 3
122822001 3
50017838 3
50018433 3
50021571 3
50017775 3
122766003 2
124462011 2
50020822 2
50017089 2
50023137 2
120878004 2
50015729 2
122742005 2
50024190 2
50005466 2
50024541 2
122830001 2
50024535 2
122806002 2
50021573 2
50018618 1
50017828 1
122770002 1
50017849 1
50017839 1
50017833 1
50023118 1
50017844 1
50022910 1
50015727 1
50024206 1
50017829 1
122902005 1
50017767 1
50017195 1
50015730 1
50017823 1
122832001 0
50026197 0
50598007 0
50026021 0
50024819 0
122694005 0
50600007 0
50008730 0
50017157 0
50023119 0
122754004 0
122758005 0
261803 0
50017850 0
50017202 0
50018001 0
50017810 0
50017154 0
50017854 0
50594005 0
50017200 0
50022942 0
50604003 0
50017982 0
122750004 0
122734004 0
50017836 0
50017978 0
122820002 0
122802003 0
50007804 0
50604004 0
50022895 0
50017809 0
50003470 0
50017840 0
50020044 0
50012912 0
50017962 0
50026537 0
122764003 0
122748004 0
122750002 0
50017864 0
50023785 0
50026340 0
122822002 0
50026543 0
50017197 0
50017851 0
50017565 0
50017846 0
124512009 0
50012620 0
50015728 0
122826003 0
50017855 0
50017813 0
50023356 0
50017831 0
50008710 0
50023128 0
50017198 0
50025672 0
122780003 0
122814001 0
50013600 0
50017201 0
50017826 0
122820001 0
50005232 0
50024818 0
50024520 0
50017807 0
50017808 0
50017165 0
50600003 0
122826001 0
50023031 0
122836001 0
50294002 0
50015310 0
50022065 0
121056001 0
122736005 0
50017841 0
122756003 0
124508008 0
50017843 0
50021569 0
50023354 0
50024527 0
50017203 0
122776004 0
124464015 0
50017837 0
50017972 0
50023786 0
122740003 0
50017812 0
50026545 0
122766002 0
50594004 0
50017997 0
50009107 0
50016674 0
261801 0
50015601 0
50017155 0
